 MATRIX            1
   1.0   2.0   3.5   4.0
   2.6   4.6   2.5   9.5
   3.6   4.8   2.5   5.6
 MATRIX            2
   2.6   4.6   2.5   9.5
   3.6   4.8   2.5   5.6
   1.0   2.0   3.5   4.0
 MATRIX            3
   3.6   4.8   2.5   5.6
   1.0   2.0   3.5   4.0
   2.6   4.6   2.5   9.5
 SUM OF ALL            3  MATRICES
   7.2  11.4   8.5  19.1
   7.2  11.4   8.5  19.1
   7.2  11.4   8.5  19.1
